{
  "surprise": 0.06489807367324829,
  "contempt": 0.010690606199204922,
  "sad": 0.16875874996185303,
  "happy": 0.259674996137619,
  "angry": 0.11314324289560318,
  "disgust": 0.013506474904716015,
  "neutral": 0.31636473536491394,
  "fear": 0.05296316370368004
}